# R script for Peak Model
#  -- generated by MACS
p <- c(0.0186747018357,0.0229648360412,0.0259931660686,0.0297785786028,0.0333116303015,0.0333116303015,0.0335639911371,0.0333116303015,0.0328069086302,0.0320498261234,0.0338163519727,0.0340687128083,0.0358352386576,0.0348257953152,0.0343210736439,0.0343210736439,0.0360875994933,0.0360875994933,0.0348257953152,0.0345734344796,0.0345734344796,0.0330592694659,0.0325545477946,0.032302186959,0.032302186959,0.0330592694659,0.0310403827809,0.0302833002741,0.0302833002741,0.0307880219453,0.0302833002741,0.0310403827809,0.0300309394384,0.0310403827809,0.0328069086302,0.0310403827809,0.0320498261234,0.0330592694659,0.0340687128083,0.0353305169864,0.0370970428357,0.0368446820001,0.037601764507,0.0370970428357,0.0350781561508,0.0365923211645,0.0350781561508,0.0358352386576,0.0353305169864,0.035582877822,0.0340687128083,0.0338163519727,0.0345734344796,0.0353305169864,0.0373494036713,0.0370970428357,0.0381064861782,0.0370970428357,0.0365923211645,0.0365923211645,0.0348257953152,0.0350781561508,0.0335639911371,0.0340687128083,0.032302186959,0.0317974652878,0.0343210736439,0.035582877822,0.0365923211645,0.0343210736439,0.0343210736439,0.0343210736439,0.0343210736439,0.0325545477946,0.0340687128083,0.0343210736439,0.0302833002741,0.0297785786028,0.0287691352604,0.0317974652878,0.032302186959,0.032302186959,0.0335639911371,0.0343210736439,0.0338163519727,0.0340687128083,0.0360875994933,0.0350781561508,0.0365923211645,0.035582877822,0.0383588470138,0.037601764507,0.0381064861782,0.0373494036713,0.0365923211645,0.0368446820001,0.0363399603289,0.0360875994933,0.0365923211645,0.0345734344796,0.0328069086302,0.0338163519727,0.032302186959,0.0340687128083,0.0350781561508,0.035582877822,0.0363399603289,0.0363399603289,0.0363399603289,0.0370970428357,0.0353305169864,0.0358352386576,0.0358352386576,0.0368446820001,0.0353305169864,0.0353305169864,0.0345734344796,0.0365923211645,0.0335639911371,0.0343210736439,0.035582877822,0.0338163519727,0.0340687128083,0.0325545477946,0.0340687128083,0.0328069086302,0.0328069086302,0.0315451044521,0.0330592694659,0.0338163519727,0.0360875994933,0.0370970428357,0.0365923211645,0.0358352386576,0.035582877822,0.0363399603289,0.0383588470138,0.0411348162056,0.0431537028905,0.0434060637262,0.0416395378768,0.0403777336988,0.0398730120275,0.0393682903563,0.0411348162056,0.0398730120275,0.0381064861782,0.0345734344796,0.0333116303015,0.0320498261234,0.0330592694659,0.0358352386576,0.0386112078494,0.0411348162056,0.0413871770412,0.0439107853974,0.0439107853974,0.0449202287399,0.0446678679042,0.0451725895755,0.0446678679042,0.0429013420549,0.04088245537,0.0398730120275,0.0368446820001,0.0358352386576,0.0353305169864,0.0381064861782,0.0398730120275,0.0393682903563,0.0398730120275,0.0406300945344,0.0421442595481,0.0436584245618,0.0446678679042,0.0456773112467,0.0492103629454,0.047443837096,0.0451725895755,0.0449202287399,0.0439107853974,0.0431537028905,0.0439107853974,0.0426489812193,0.0429013420549,0.0418918987125,0.0401253728631,0.04088245537,0.0421442595481,0.0436584245618,0.0446678679042,0.0466867545892,0.0439107853974,0.0439107853974,0.0434060637262,0.0434060637262,0.0426489812193,0.0423966203837,0.04088245537,0.0403777336988,0.0411348162056,0.038863568685,0.0403777336988,0.0391159295207,0.0396206511919,0.04088245537,0.0403777336988,0.0401253728631,0.0406300945344,0.0396206511919,0.0386112078494,0.0381064861782,0.0363399603289,0.0365923211645,0.0353305169864,0.0335639911371,0.0338163519727,0.0338163519727,0.0348257953152,0.0365923211645,0.035582877822,0.037601764507,0.0381064861782,0.0383588470138,0.0401253728631,0.04088245537,0.0423966203837,0.0434060637262,0.0434060637262,0.0439107853974,0.0454249504111,0.0461820329179,0.0466867545892,0.0471914762604,0.0461820329179,0.0464343937536,0.0449202287399,0.0444155070686,0.0444155070686,0.0426489812193,0.0439107853974,0.0426489812193,0.0429013420549,0.0439107853974,0.044163146233,0.0456773112467,0.0471914762604,0.0451725895755,0.049462723781,0.0514816104659,0.0492103629454,0.0492103629454,0.049462723781,0.0487056412741,0.0509768887947,0.0489580021097,0.0466867545892,0.0489580021097,0.0456773112467,0.0454249504111,0.0466867545892,0.0469391154248,0.0466867545892,0.0451725895755,0.0429013420549,0.0429013420549,0.0451725895755,0.0446678679042,0.0439107853974,0.0434060637262,0.0423966203837,0.0426489812193,0.0418918987125,0.0431537028905,0.0449202287399,0.0454249504111,0.0444155070686,0.044163146233,0.044163146233,0.0416395378768,0.0431537028905,0.0451725895755,0.0459296720823,0.0446678679042,0.0436584245618,0.0454249504111,0.0449202287399,0.044163146233,0.0449202287399,0.0476961979317,0.0479485587673,0.0461820329179,0.0499674454522,0.0535004971508,0.0535004971508,0.0514816104659,0.0522386929728,0.0540052188221,0.052743414644,0.0517339713015,0.052743414644,0.052743414644,0.0509768887947,0.0484532804385,0.0514816104659,0.0535004971508,0.0555193838358,0.0550146621645,0.0565288271783,0.0585477138632,0.0567811880139,0.0582953530276,0.0588000746988,0.0608189613837,0.0595571572057,0.0608189613837,0.0603142397125,0.0628378480687,0.0628378480687,0.0656138172605,0.0683897864523,0.0709133948084,0.0721751989865,0.0734370031646,0.0739417248358,0.0759606115208,0.0777271373701,0.0762129723564,0.0794936632194,0.0752035290139,0.0762129723564,0.0741940856715,0.0726799206578,0.0716704773153,0.0714181164797,0.0691468689591,0.0681374256166,0.0688945081235,0.0648567347536,0.0643520130824,0.0656138172605,0.0673803431098,0.0676327039454,0.0681374256166,0.067885064781,0.0683897864523,0.0686421472879,0.0686421472879,0.0701563123016,0.0734370031646,0.069903951466,0.0693992297947,0.0719228381509,0.0726799206578,0.0749511681783,0.0734370031646,0.0716704773153,0.0726799206578,0.0746988073427,0.0752035290139,0.0767176940276,0.0772224156989,0.0779794982057,0.0779794982057,0.0789889415482,0.0789889415482,0.0807554673975,0.0815125499044,0.0815125499044,0.0792413023838,0.0802507457263,0.0782318590413,0.0772224156989,0.0789889415482,0.0792413023838,0.0822696324112,0.0842885190961,0.0827743540824,0.0812601890687,0.0835314365893,0.0840361582605,0.0858026841098,0.0865597666167,0.0870644882879,0.0847932407674,0.0835314365893,0.085045601603,0.0855503232742,0.0852979624386,0.0842885190961,0.0815125499044,0.079746024055,0.0794936632194,0.0784842198769,0.0779794982057,0.0754558898495,0.0736893640002,0.0744464465071,0.0799983848907,0.0810078282331,0.0852979624386,0.0875692099592,0.0852979624386,0.0847932407674,0.0858026841098,0.088326292466,0.0898404574797,0.0875692099592,0.0858026841098,0.0855503232742,0.0855503232742,0.0842885190961,0.0837837974249,0.0858026841098,0.0868121274523,0.0890833749729,0.0868121274523,0.0908499008222,0.0905975399866,0.0938782308496,0.0928687875071,0.0941305916852,0.0981683650551,0.0976636433839,0.10018725174,0.0994301692332,0.100691973411,0.0966542000414,0.0961494783702,0.0933735091784,0.0928687875071,0.0938782308496,0.0953923958633,0.096906560877,0.0961494783702,0.0974112825482,0.0986730867263,0.104982107617,0.106243911795,0.109776963493,0.110281685165,0.109776963493,0.104982107617,0.103720303439,0.10422502511,0.101953777589,0.105234468452,0.104982107617,0.103972664274,0.101701416754,0.0984207258907,0.0991778083976,0.103467942603,0.102963220932,0.103720303439,0.105991550959,0.102206138425,0.100944334247,0.101196695082,0.101196695082,0.108515159315,0.107253355137,0.10649627263,0.106243911795,0.102963220932,0.104477385946,0.106748633466,0.106243911795,0.107253355137,0.107505715973,0.103972664274,0.110534046,0.110281685165,0.115328901877,0.117095427726,0.116590706055,0.116085984384,0.11860959274,0.118104871069,0.117600149398,0.117347788562,0.115328901877,0.120123757754,0.118861953576,0.120628479425,0.121637922767,0.125423335302,0.12668513948,0.127946943658,0.130975273685,0.13476068622,0.136022490398,0.132489438699,0.134003603713,0.131479995357,0.131227634521,0.127946943658,0.129461108672,0.13299416037,0.135013047055,0.138798459589,0.135517768726,0.13703193374,0.139303181261,