# R script for Peak Model
#  -- generated by MACS
p <- c(0.0257964213508,0.0299149704574,0.0341691604029,0.0384356813338,0.042677540294,0.0428871670449,0.0425665614258,0.042467913543,0.0428131811328,0.0427268642354,0.0428871670449,0.0428131811328,0.0428501740889,0.0432201036493,0.0433557444882,0.0433064205468,0.0435283782831,0.043454392371,0.0434297304003,0.0438243219314,0.0439353007996,0.0439722937556,0.0443792162722,0.0444162092282,0.0445518500671,0.0446135049938,0.0445025261257,0.0450697514517,0.0446998218912,0.0441695895212,0.0444038782429,0.0444901951403,0.0443052303601,0.043984624741,0.0438613148875,0.0440956036091,0.0444901951403,0.0442559064187,0.0445641810524,0.0446258359792,0.0443915472575,0.0448971176568,0.0452053922906,0.0453410331294,0.0457109626899,0.0457602866313,0.0455506598803,0.0452423852466,0.0453780260855,0.0453656951001,0.0454520119976,0.0454520119976,0.0453163711587,0.0454026880562,0.045045089481,0.045291709188,0.0451437373638,0.0452670472173,0.0452300542613,0.045254716232,0.045254716232,0.0451437373638,0.0449217796275,0.0452177232759,0.0454520119976,0.0450820824371,0.0456369767778,0.0458712654994,0.0462042021039,0.0463398429427,0.0465371387083,0.0465494696936,0.0465124767376,0.0462042021039,0.0461795401332,0.0462288640746,0.0461425471771,0.0463398429427,0.0461548781625,0.0465371387083,0.0464508218108,0.0465248077229,0.0469933851662,0.0468700753127,0.0469563922102,0.0475729414776,0.0475482795069,0.0473879766974,0.0475606104923,0.0472769978293,0.0470303781223,0.0468824062981,0.0468330823567,0.0469687231955,0.0468577443274,0.0464508218108,0.0466234556057,0.046845413342,0.0469193992541,0.0468947372834,0.047375645712,0.0476962513311,0.047585272463,0.0476592583751,0.0477209133018,0.047868885126,0.0474619626095,0.0476099344337,0.0473879766974,0.0474249696534,0.0473879766974,0.0474496316241,0.0476592583751,0.0476962513311,0.0477702372432,0.0475729414776,0.0476715893604,0.047622265419,0.0480538499063,0.0483374625693,0.0485224273495,0.0487567160712,0.0490896526756,0.0490773216903,0.0491143146463,0.0491636385877,0.0497062019431,0.0497431948991,0.0498048498259,0.0497062019431,0.0495458991335,0.0493979273093,0.0487813780419,0.0489046878954,0.0492992794265,0.049632216031,0.0493239413972,0.0494842442068,0.0493979273093,0.049175969573,0.0492499554851,0.0492499554851,0.0498541737673,0.0499404906647,0.0496445470163,0.0494965751921,0.0493979273093,0.0496568780017,0.0496075540603,0.0498171808112,0.050199441357,0.0505200469761,0.0502980892398,0.0507420047124,0.0507420047124,0.0507789976685,0.0507296737271,0.0504213990933,0.050409068108,0.0511489272289,0.0509269694926,0.0509886244194,0.0508406525952,0.0507420047124,0.0512105821557,0.0511489272289,0.0517654764964,0.0517901384671,0.0519874342327,0.0517284835404,0.0517531455111,0.0516544976283,0.0520367581741,0.0525299975881,0.0526163144855,0.0532082017823,0.0524436806906,0.0527642863097,0.0527026313829,0.0523573637932,0.0523080398518,0.052493004632,0.0525176666027,0.0523203708371,0.0520244271887,0.0518271314231,0.0523450328078,0.0521477370422,0.0526903003976,0.0527272933536,0.0526656384269,0.0521970609836,0.0521723990129,0.0521230750715,0.0520614201448,0.0517284835404,0.0521477370422,0.0522833778811,0.052209391969,0.0524683426613,0.0527149623683,0.0528382722218,0.0526533074416,0.0527149623683,0.0530972229141,0.0533438426211,0.0531958707969,0.0534301595186,0.0529985750313,0.0531712088262,0.0530972229141,0.0531218848848,0.05347948346,0.0534178285332,0.0531095538995,0.0533808355772,0.053269856709,0.0529739130606,0.0530109060167,0.0526656384269,0.0525916525148,0.052776617295,0.0528752651778,0.0527026313829,0.0528136102511,0.0526779694123,0.0528629341925,0.0530355679874,0.0533191806504,0.0533315116358,0.0539357299179,0.0540713707567,0.0537014411962,0.0539973848446,0.0544782932733,0.0545522791853,0.0546509270681,0.0549468707165,0.0549838636726,0.055316800277,0.0553661242184,0.0556990608228,0.0560073354566,0.0560319974273,0.0562786171342,0.056056659398,0.0560319974273,0.0561923002368,0.0563032791049,0.0562416241782,0.0560813213687,0.056377265017,0.0569938142845,0.0571664480794,0.0568458424603,0.0570678001966,0.0572897579329,0.0566485466947,0.0568211804896,0.0571294551234,0.056833511475,0.0565992227533,0.0564265889584,0.0562539551636,0.0560196664419,0.0570678001966,0.0570061452699,0.0577583353762,0.0575610396106,0.0576966804494,0.0585351874532,0.0588188001162,0.0588188001162,0.0589667719404,0.0594230183983,0.0593243705155,0.0591763986913,0.0594230183983,0.0600149056951,0.0602491944167,0.0601012225925,0.0600518986511,0.0599285887976,0.0603108493435,0.0607917577721,0.0607794267867,0.0611246943765,0.0608287507281,0.0611370253619,0.0611493563472,0.061987863351,0.0620988422191,0.0623454619261,0.0623701238968,0.0622961379847,0.0627277224719,0.0629496802082,0.0636525463731,0.0632826168127,0.0631346449885,0.0628263703547,0.0628140393694,0.0631099830178,0.0633689337101,0.0637758562266,0.0638991660801,0.0644787223915,0.0646390252011,0.0650212857469,0.0659337786628,0.0664393490621,0.0672778560658,0.0679807222307,0.0686465954396,0.0688562221905,0.0687205813517,0.0691644968243,0.068942539088,0.0691275038682,0.0688685531759,0.068658926425,0.0688068982491,0.0685849405129,0.0686096024836,0.0688315602198,0.0689302081026,0.0685726095275,0.0690658489415,0.0693741235752,0.0695590883555,0.0698796939745,0.0701879686083,0.0704839122567,0.0706318840808,0.0707182009783,0.0707058699929,0.0709278277292,0.0713840741872,0.0718649826158,0.0724938628686,0.0728144684877,0.0724938628686,0.0729377783412,0.0725925107514,0.0727774755316,0.0733447008577,0.073357031843,0.0732583839602,0.0728144684877,0.0729254473558,0.0732090600189,0.0733816938137,0.072789806517,0.0731350741068,0.0732830459309,0.0731104121361,0.0736529754914,0.0733693628284,0.0735419966233,0.0731843980482,0.0734063557844,0.0737022994328,0.0739982430812,0.0739859120959,0.0735050036672,0.0737146304182,0.0736529754914,0.0738995951984,0.0742941867296,0.0749107359971,0.0746641162901,0.0748120881143,0.0752313416161,0.0756259331473,0.0760081936931,0.0755766092059,0.075860221869,0.0760945105906,0.0762794753708,0.0758725528543,0.0754286373817,0.075366982455,0.0755149542792,0.0756629261034,0.0756259331473,0.0768467006969,0.0769823415357,0.0774015950376,0.0777591936127,0.0781661161293,0.0788689822942,0.0792265808693,0.0791402639719,0.0794115456496,0.0804966723603,0.0800157639317,0.0798924540782,0.0799664399903,0.0801390737852,0.0804843413749,0.0808419399501,0.0810392357157,0.0815201441443,0.0818407497634,0.0816804469538,0.0819270666608,0.0823709821334,0.0824326370601,0.0822476722799,0.0816311230124,0.081791425822,0.0816311230124,0.0819024046901,0.0825066229722,0.0823463201627,0.0825929398697,0.0823833131187,0.0824942919869,0.0829258764741,0.0842576228918,0.0842206299358,0.0843932637307,0.08436860176,0.0836780665804,0.0839370172728,0.0844919116135,0.085145453837,0.0852687636905,0.0855030524121,0.0855277143828,0.0858976439433,0.0862429115331,0.0869211157273,0.0869951016394,0.0878952635699,0.0881295522915,0.0889433973246,0.0894859606799,0.0894489677239,0.0896216015188,0.0898312282697,0.0906450733028,0.0905587564053,0.0914219253798,0.0912986155263,0.0916438831161,0.0915329042479,0.0924453971638,0.0931482633287,0.0937401506255,0.0944553477757,0.0949115942336,0.0958364181348,0.0966009392265,0.0975627560837,0.0980066715563,0.0985492349117,0.0991411222084,0.0997823334466,0.10006594611,0.100460537641,0.100275572861,0.100509861582,0.100805805231,0.101163403806,0.101866269971,0.102618460077,0.102926734711,0.103395312154,0.104098178319,0.104739389557,0.105861509224,0.106576706374,0.107316565495,0.107871459836,0.107994769689,0.108561995015,0.108981248517,0.110004720301,0.110608938583,0.111410452631,0.112594227225,0.113334086346,0.113999959554,0.114998769368,0.116737438302,0.11753895235,0.118735057929,0.119351607196,0.120708015584,0.12180547328,0.122779621123,0.124012719658,0.125455444944,0.126959825156,0.127625698365,0.129117747593,0.130523479922,0.131842895355,0.13291569108,0.133408930494,