# R script for Peak Model
#  -- generated by MACS
p <- c(0.0191827160865,0.0221889626374,0.0254099410847,0.0292035379227,0.0321382071748,0.0320666298759,0.0322097844736,0.033283443956,0.0339276396455,0.034142371542,0.035001299128,0.035001299128,0.0345002580362,0.034142371542,0.0345002580362,0.0334981758525,0.033712907749,0.0340707942432,0.0328539801631,0.0318518979794,0.0323529390713,0.0333550212549,0.033712907749,0.0334265985537,0.0334981758525,0.0349297218291,0.035001299128,0.034571835335,0.0352160310245,0.0355739175186,0.0351444537256,0.0349297218291,0.0352160310245,0.0363612678057,0.0367907315987,0.0359318040128,0.0357170721163,0.0361465359093,0.0365759997022,0.0369338861964,0.0361465359093,0.0357170721163,0.0358602267139,0.0357170721163,0.0356454948174,0.035430762921,0.0357886494151,0.0355739175186,0.034571835335,0.0346434126338,0.0348581445303,0.035001299128,0.0347149899327,0.034142371542,0.034142371542,0.0359318040128,0.0368623088976,0.037506504587,0.03793596838,0.0372201953917,0.0372917726905,0.0374349272882,0.03793596838,0.038365432173,0.0386517413683,0.0386517413683,0.0380791229777,0.0380075456788,0.0376496591847,0.038794895966,0.0384370094718,0.0375780818859,0.0371486180929,0.0371486180929,0.0371486180929,0.0372917726905,0.0376496591847,0.0371486180929,0.0372917726905,0.0370054634952,0.037506504587,0.0385085867707,0.0395822462531,0.0388664732648,0.039224359759,0.0380075456788,0.0366475770011,0.0368623088976,0.0375780818859,0.037077040794,0.0371486180929,0.0359318040128,0.0355739175186,0.035430762921,0.0351444537256,0.0352160310245,0.0346434126338,0.0347149899327,0.0337844850479,0.0336413304502,0.0329255574619,0.0342855261397,0.0339276396455,0.034571835335,0.0347865672315,0.0350728764268,0.035430762921,0.035430762921,0.0357886494151,0.0353591856221,0.0365044224034,0.0362896905069,0.0357170721163,0.0355023402198,0.0352876083233,0.035430762921,0.0355739175186,0.0355023402198,0.0350728764268,0.0355023402198,0.034571835335,0.0337844850479,0.0337844850479,0.0337844850479,0.0333550212549,0.0332118666572,0.0334981758525,0.0338560623467,0.0344286807373,0.0353591856221,0.0355023402198,0.0356454948174,0.0363612678057,0.0360033813116,0.0353591856221,0.0359318040128,0.0359318040128,0.0352876083233,0.0357170721163,0.0350728764268,0.0345002580362,0.035001299128,0.0357170721163,0.037077040794,0.0384370094718,0.03793596838,0.0385085867707,0.0397969781496,0.0395822462531,0.0397254008508,0.0411569468274,0.0408706376321,0.0404411738391,0.0396538235519,0.0384370094718,0.0386517413683,0.0390812051613,0.0386517413683,0.0391527824601,0.0390812051613,0.039224359759,0.0393675143566,0.0391527824601,0.038794895966,0.0392959370578,0.038794895966,0.0377212364835,0.0373633499894,0.0363612678057,0.0365759997022,0.0365759997022,0.0377928137824,0.0377928137824,0.0384370094718,0.038794895966,0.0402980192414,0.0398685554484,0.0400117100461,0.0408706376321,0.0407990603332,0.0402264419426,0.0404411738391,0.0400832873449,0.0406559057356,0.0403695965402,0.038365432173,0.0405843284367,0.0413716787239,0.0419442971145,0.0415864106204,0.0418727198157,0.0404411738391,0.0409422149309,0.0407274830344,0.0400832873449,0.0408706376321,0.0395822462531,0.0391527824601,0.0395822462531,0.0398685554484,0.0388664732648,0.0388664732648,0.038365432173,0.0375780818859,0.0380075456788,0.03793596838,0.0380791229777,0.0373633499894,0.0360749586104,0.0366475770011,0.0372917726905,0.0377928137824,0.0385801640695,0.0385801640695,0.0397969781496,0.0397254008508,0.0397969781496,0.0405127511379,0.0405127511379,0.0402980192414,0.0407274830344,0.0415864106204,0.0416579879192,0.042159029011,0.0414432560227,0.0419442971145,0.041300101425,0.0405127511379,0.0401548646437,0.0407274830344,0.0402264419426,0.041729565218,0.042588492804,0.0430895338958,0.0428748019993,0.0428032247005,0.0438768841829,0.0450221209642,0.0451652755619,0.0444495025736,0.0453084301595,0.0433042657923,0.0432326884934,0.043017956597,0.0429463792981,0.0433042657923,0.0434474203899,0.0428032247005,0.0438053068841,0.0447358117689,0.0443779252747,0.0438768841829,0.0431611111946,0.0437337295853,0.0443779252747,0.0444495025736,0.045523162056,0.0463105123431,0.0467399761361,0.0460957804467,0.0458094712513,0.0464536669408,0.0461673577455,0.0461673577455,0.0461673577455,0.046382089642,0.0454515847572,0.0451652755619,0.045093698263,0.0453800074584,0.0465968215385,0.0462389350443,0.0470978626303,0.0465968215385,0.0470262853314,0.0478136356186,0.0473125945268,0.0463105123431,0.0463105123431,0.0461673577455,0.045952625849,0.0468831307338,0.0470978626303,0.0478136356186,0.0481715221127,0.0472410172279,0.0484578313081,0.0498177999858,0.049746222687,0.0506767275718,0.0493883361928,0.0499609545835,0.0491020269975,0.0485294086069,0.0473841718256,0.0470978626303,0.0464536669408,0.0461673577455,0.0456663166537,0.0461673577455,0.0483146767104,0.0483146767104,0.048887295101,0.0488157178022,0.0491736042964,0.0504619956753,0.0518219643531,0.052680891939,0.0530387784332,0.0532535103297,0.0542555925133,0.0534682422262,0.053969283318,0.0551145200993,0.0562597568805,0.0579776120525,0.0579060347536,0.0584786531443,0.0599817764197,0.0593375807302,0.0586933850408,0.0596954672244,0.0593375807302,0.0591228488338,0.0585502304431,0.0571186844665,0.0559018703864,0.0543271698121,0.0552576746969,0.05690395257,0.0559734476852,0.056474488777,0.0571186844665,0.0589796942361,0.0599817764197,0.0593375807302,0.0601965083162,0.0613417450975,0.0594807353279,0.0591944261326,0.0608407040057,0.061556476994,0.0622722499823,0.0604112402127,0.060697549408,0.0623438272811,0.061985940787,0.0617712088905,0.0623438272811,0.0624869818788,0.0609838586033,0.0598386218221,0.0608407040057,0.0620575180858,0.0616996315916,0.0616996315916,0.0627017137753,0.0637753732577,0.0658511149238,0.0660658468203,0.0679268565899,0.0683563203829,0.0676405473946,0.0672110836016,0.0684994749805,0.0684278976817,0.0684278976817,0.0684278976817,0.0660658468203,0.0652784965332,0.0645627235449,0.0652784965332,0.064920610039,0.0650637646367,0.0637753732577,0.0637753732577,0.0658511149238,0.0654216511308,0.0645627235449,0.0647058781425,0.0649921873378,0.0656363830273,0.0660658468203,0.0659226922226,0.0671395063027,0.0669247744062,0.065350073832,0.0660658468203,0.0672110836016,0.067855279291,0.0693584025665,0.0685710522793,0.0687857841758,0.0694299798653,0.0694299798653,0.0700741755548,0.069573134463,0.0707899485431,0.0715057215314,0.0719351853244,0.0707899485431,0.0706467939454,0.0706467939454,0.0707183712442,0.0715772988302,0.0725793810138,0.0741540815881,0.0734383085998,0.0746551226799,0.0751561637717,0.076730864346,0.0778761011273,0.0791644925062,0.0802381519887,0.0803097292875,0.0793076471039,0.0790929152074,0.0789497606097,0.0785918741156,0.0781624103226,0.0773034827366,0.0773034827366,0.0763729778518,0.0759435140589,0.0773034827366,0.0785202968167,0.0788066060121,0.0801665746898,0.0814549660688,0.0823138936547,0.0820991617583,0.0825286255512,0.0826717801489,0.0837454396313,0.0833159758384,0.0839601715278,0.0841033261255,0.0843896353208,0.0861790677916,0.0891137370436,0.0894000462389,0.0898295100319,0.0911179014109,0.0888274278483,0.0892568916413,0.0890421597448,0.0897579327331,0.0897579327331,0.0870379953775,0.0835307077349,0.0823854709536,0.0826717801489,0.0825286255512,0.0848906764126,0.0843896353208,0.0851054083091,0.0848190991138,0.0857496039986,0.08811165486,0.0879685002623,0.0901158192272,0.0903305511237,0.0919768289968,0.0941957252606,0.094410457157,0.0946251890535,0.0958420031337,0.0951978074442,0.0949114982489,0.0974167037079,0.100780836753,0.102427114626,0.103214464913,0.102283960028,0.10464601089,0.106149134165,0.105719670372,0.106149134165,0.106578597958,0.10707963905,0.106077556866,0.105290206579,0.107723834739,0.108511185027,0.109584844509,0.111231122382,0.112018472669,0.117100460886,0.119033047955,0.119677243644,0.121681408011,0.124115036172,0.123470840482,0.124258190769,0.125188695654,0.125260272953,0.128839137894,0.128982292492,0.130055951974,0.132418002836,0.132346425537,0.133062198525,