# R script for Peak Model
#  -- generated by MACS
p <- c(0.0259648889671,0.0305594019876,0.0352952846395,0.0397013048181,0.0439188321549,0.0443193794439,0.0442722562334,0.0448848579695,0.045850883784,0.0451204740218,0.0453089668637,0.0446963651276,0.0444843106805,0.0443193794439,0.0448612963642,0.0453560900741,0.0449084195747,0.0449319811799,0.0443429410491,0.0452854052584,0.0453089668637,0.0459686918102,0.0460864998364,0.0463221158887,0.0454738981003,0.0450497892061,0.045238282048,0.0450262276009,0.0455210213108,0.0449555427852,0.0454032132846,0.0452618436532,0.0449084195747,0.0446963651276,0.0449319811799,0.0450026659956,0.045144035627,0.044837734759,0.0449084195747,0.0449319811799,0.0442251330229,0.0446021187067,0.0450733508113,0.0455681445212,0.0465341703358,0.046557731941,0.0464163623096,0.0464870471253,0.0462043078625,0.046557731941,0.0466048551515,0.0462749926782,0.0461100614416,0.0458037605736,0.0455917061265,0.0454503364951,0.0457095141526,0.0459922534154,0.0463221158887,0.045850883784,0.0464870471253,0.0460629382311,0.045945130205,0.0457330757579,0.0457566373631,0.0459686918102,0.0459215685997,0.0460393766259,0.0457095141526,0.0462749926782,0.0459215685997,0.0463456774939,0.0467462247829,0.0471467720719,0.0465341703358,0.0461571846521,0.0456388293369,0.0450026659956,0.0450262276009,0.0451675972323,0.0453560900741,0.0458744453893,0.0456152677317,0.0458273221788,0.0461571846521,0.0463456774939,0.0463221158887,0.0472174568876,0.0474766345451,0.0471703336771,0.0472410184928,0.0470054024405,0.0469818408352,0.0467697863881,0.0467462247829,0.0460864998364,0.0466755399672,0.0460864998364,0.0460864998364,0.0464163623096,0.046651978362,0.0462985542835,0.0467933479934,0.0468640328091,0.0465106087306,0.0471938952823,0.0470289640457,0.0469111560195,0.0466048551515,0.0463928007044,0.0461571846521,0.0461807462573,0.0460393766259,0.0459215685997,0.0461571846521,0.0460158150207,0.0460864998364,0.0466991015724,0.0474766345451,0.0474295113347,0.0473823881242,0.0475473193608,0.0471232104666,0.0469111560195,0.0467226631777,0.0467697863881,0.0466284167567,0.0467226631777,0.046557731941,0.0471232104666,0.046651978362,0.0462749926782,0.0462749926782,0.0464634855201,0.0470525256509,0.0471938952823,0.0473352649137,0.0471232104666,0.0467226631777,0.0467697863881,0.0468169095986,0.0470996488614,0.0474766345451,0.0474530729399,0.0473352649137,0.0477122505975,0.0479007434393,0.0473117033085,0.0478064970184,0.0470525256509,0.0476886889922,0.0480421130707,0.0478536202289,0.0478064970184,0.0473117033085,0.046651978362,0.047264580098,0.047971428255,0.0477593738079,0.0484897835702,0.0487253996225,0.0485369067806,0.0485604683859,0.0490552620958,0.0501626575417,0.0507752592778,0.0500448495156,0.0499034798842,0.0492908781481,0.0486075915963,0.0488667692539,0.0489374540696,0.0498092334632,0.0494086861743,0.0494558093847,0.0488432076487,0.0490552620958,0.0492673165429,0.0503040271731,0.0506574512516,0.0506103280412,0.0504218351993,0.050091972726,0.0506574512516,0.0498799182789,0.0506103280412,0.0503040271731,0.0507752592778,0.050492520015,0.050798820883,0.0506574512516,0.050798820883,0.0506810128569,0.0506103280412,0.0510579985406,0.0514585458296,0.0519769011447,0.0514821074348,0.0519297779342,0.0516234770662,0.0513878610139,0.0518826547238,0.0516706002767,0.051906216329,0.0520004627499,0.0517177234871,0.0517412850924,0.051599915461,0.0523303252232,0.0524481332494,0.0524481332494,0.0525188180651,0.0529664885645,0.0525659412755,0.0525188180651,0.0523774484337,0.0523538868284,0.0526837493017,0.0518119699081,0.0520475859604,0.0523774484337,0.0520711475656,0.0519297779342,0.0525895028808,0.052919365354,0.052212517197,0.0523774484337,0.0524245716441,0.0519297779342,0.0516234770662,0.0514585458296,0.051599915461,0.0518119699081,0.0513878610139,0.0509873137249,0.0517412850924,0.0518119699081,0.0519297779342,0.0529664885645,0.0531785430116,0.0529664885645,0.0528722421436,0.0528486805383,0.0538147063529,0.0538147063529,0.0538618295634,0.0534377206692,0.0531078581959,0.0524010100389,0.0520004627499,0.0526601876965,0.0533670358535,0.0536497751163,0.0527073109069,0.0527073109069,0.0532492278273,0.0537675831424,0.0540974456157,0.0541445688262,0.0544744312994,0.0542859384576,0.0540267608,0.0538618295634,0.0542388152471,0.0545922393256,0.0539089527738,0.0538853911686,0.0544037464837,0.0544744312994,0.0549692250093,0.0558174427977,0.0559116892187,0.0565007293495,0.0559352508239,0.0559823740344,0.0567127837966,0.0567127837966,0.0563122365076,0.05654785256,0.0565949757704,0.0562886749024,0.0565714141652,0.0558174427977,0.0566420989809,0.0570662078751,0.0565714141652,0.0573725087431,0.0584327809786,0.0583385345577,0.0593988067932,0.058668397031,0.0585977122153,0.0593988067932,0.0596579844508,0.059375245188,0.060082093345,0.0603412710025,0.0598700388979,0.0607182566863,0.0598936005031,0.0609067495281,0.0610245575543,0.0607418182915,0.0610481191595,0.0627681163416,0.0631686636305,0.0631686636305,0.0632864716567,0.0637105805509,0.0637577037614,0.064323182287,0.0646059215498,0.0653127697067,0.0654541393381,0.0653127697067,0.0651478384701,0.0655955089695,0.0655955089695,0.0661609874951,0.067362629362,0.0675982454144,0.0687056408603,0.0681872855452,0.0685407096237,0.0683286551766,0.0694360506226,0.0701428987796,0.0705434460685,0.0700486523586,0.0692711193859,0.0696009818592,0.0694124890173,0.0701193371743,0.0700957755691,0.0700250907534,0.0697187898854,0.0683757783871,0.068470024808,0.068470024808,0.0692239961755,0.0687056408603,0.0687292024656,0.0693889274121,0.0696716666749,0.0700486523586,0.0698130363063,0.070590569279,0.0715330334883,0.0718864575668,0.0719571423825,0.0719571423825,0.0719335807773,0.0718393343564,0.0720513888035,0.0722163200401,0.0735828931436,0.074431110932,0.0739127556169,0.0735593315384,0.073818509196,0.0746667269844,0.0754913831675,0.0749730278524,0.0750672742733,0.0752557671152,0.0746667269844,0.0740305636431,0.0739127556169,0.0745960421687,0.0745724805634,0.0745489189582,0.0736771395646,0.0749494662472,0.0746667269844,0.0745960421687,0.0749023430367,0.0753971367466,0.075844807246,0.0763867241664,0.0767401482449,0.0758919304565,0.0766930250344,0.0764102857716,0.0772820651653,0.0769757642972,0.0768108330606,0.0765045321926,0.0774705580071,0.0777297356647,0.0778004204804,0.0788606927159,0.0787900079002,0.0789313775316,0.0795675408729,0.0805571282927,0.0811697300288,0.0815702773177,0.0814524692916,0.0814760308968,0.0813817844759,0.0811226068183,0.0817116469491,0.0818294549753,0.0818058933701,0.0816174005282,0.0810754836078,0.0811461684235,0.080792744345,0.0807691827398,0.0812875380549,0.082206440659,0.0820886326329,0.0814760308968,0.0809105523712,0.0808163059503,0.0810754836078,0.0814289076863,0.0816409621334,0.0822771254747,0.0828426040003,0.0831253432631,0.0833609593155,0.0842563003143,0.0847039708138,0.085128079708,0.0857642430493,0.0869423233109,0.0873193089947,0.0871072545476,0.0869658849162,0.0867302688638,0.0867538304691,0.08684807689,0.0872721857842,0.0874371170208,0.0875784866522,0.08684807689,0.0873428705999,0.0876020482575,0.0881204035726,0.0883088964145,0.0881204035726,0.0884031428354,0.0887565669139,0.0895340998866,0.0891571142029,0.090382317675,0.0904058792802,0.0904765640959,0.0907593033587,0.0912069738582,0.0920787532518,0.0925264237512,0.0930683406716,0.0930683406716,0.0934453263553,0.093209710303,0.0938223120391,0.0949532690903,0.0948825842746,0.0953538163792,0.0958721716944,0.0970973751665,0.0972387447979,0.098864495559,0.100066137426,0.100254630268,0.100914355214,0.101503395345,0.10251654437,0.103765309448,0.104849143288,0.105108320946,0.10602722355,0.105438183419,0.105296813788,0.106239277997,0.106545578865,0.10800639839,0.107676535916,0.107723659127,0.108312699258,0.109490779519,0.109514341124,0.110268312492,0.112318172147,0.113543375619,0.115263372801,0.115451865643,0.117454602088,0.118255696666,0.11863268235,0.119386653717,0.121978430293,0.12268527845,0.123886920317,0.125300616631,0.125654040709,0.126219519235,0.127798146786,0.128881980626,0.131850742886,